{
  "cameras": [
    {
      "id": 0,
      "rotation": [
        [
          -0.82264245873,
          -0.21650058657,
          0.52572510033
        ],
        [
          0.158150007,
          0.80103630813,
          0.57734687004
        ],
        [
          -0.54612082948,
          0.558093477,
          -0.62472690877
        ]
      ],
      "translation": [
        7.2608137635,
        0.24522139165,
        -3.1799857076
      ],
      "center": [
        4.19761548961121,
        3.1502684808962518,
        -5.945392488271192
      ],
      "focal_length": 5899.2889152
    },
    {
      "id": 1,
      "rotation": [
        [
          -0.82244745406,
          -0.21646934159,
          0.52604297302
        ],
        [
          0.1633097356,
          0.79597944925,
          0.58287790027
        ],
        [
          -0.54489459124,
          0.56529438395,
          -0.61929972058
        ]
      ],
      "translation": [
        7.2637138819,
        0.27058206952,
        -3.1734962966
      ],
      "center": [
        4.200613335620012,
        3.150953228793685,
        -5.944087323879895
      ],
      "focal_length": 1477.3487651
    },
    {
      "id": 2,
      "rotation": [
        [
          -0.90945187454,
          -0.11608810084,
          0.39927539461
        ],
        [
          0.23640345015,
          0.64559012801,
          0.72617270355
        ],
        [
          -0.34206826316,
          0.75480920732,
          -0.55968952454
        ]
      ],
      "translation": [
        7.0177460216,
        0.69497887018,
        -2.6654845318
      ],
      "center": [
        5.306229207425174,
        2.3779375766329376,
        -4.798531767387699
      ],
      "focal_length": 5899.2889152
    },
    {
      "id": 3,
      "rotation": [
        [
          -0.90927930963,
          -0.11653572923,
          0.39953793423
        ],
        [
          0.23902753281,
          0.63965089246,
          0.73055634576
        ],
        [
          -0.3407007127,
          0.7597803364,
          -0.55376607406
        ]
      ],
      "translation": [
        7.017835829,
        0.72021852679,
        -2.6531473195
      ],
      "center": [
        5.305091677495389,
        2.3729493554499546,
        -4.7992748199866195
      ],
      "focal_length": 1477.3487651
    },
    {
      "id": 4,
      "rotation": [
        [
          -0.83789079421,
          -0.17688373036,
          0.51638276783
        ],
        [
          0.31748712368,
          0.61160937246,
          0.7246626124
        ],
        [
          -0.44400556672,
          0.77113301152,
          -0.45630355605
        ]
      ],
      "translation": [
        7.4984790384,
        0.047107527833,
        -0.88167606201
      ],
      "center": [
        5.87648144376043,
        1.97743705568524,
        -4.30853434692672
      ],
      "focal_length": 5899.2889152
    },
    {
      "id": 5,
      "rotation": [
        [
          -0.83745991109,
          -0.17756734714,
          0.51684691596
        ],
        [
          0.3213728145,
          0.60492021983,
          0.72855407606
        ],
        [
          -0.44201856456,
          0.77623537981,
          -0.4495311154
        ]
      ],
      "translation": [
        7.4978290021,
        0.05532375446,
        -0.87059908068
      ],
      "center": [
        5.8765307028377425,
        1.973692955556363,
        -4.306897518749899
      ],
      "focal_length": 1477.3487651
    },
    {
      "id": 6,
      "rotation": [
        [
          -0.85422420023,
          -0.24622757569,
          0.45790064065
        ],
        [
          0.083963815399,
          0.80384180414,
          0.58888745242
        ],
        [
          -0.51308000686,
          0.54148899793,
          -0.66598691554
        ]
      ],
      "translation": [
        7.4083212441,
        0.30046126529,
        -1.2971230375
      ],
      "center": [
        5.637611518596117,
        2.28498750807036,
        -4.433079883702414
      ],
      "focal_length": 5899.2889152
    },
    {
      "id": 7,
      "rotation": [
        [
          -0.68640028681,
          -0.34813397396,
          0.63848052628
        ],
        [
          -0.03570173362,
          0.89304255509,
          0.44855365455
        ],
        [
          -0.72634704686,
          0.28509249547,
          -0.62541365235
        ]
      ],
      "translation": [
        7.4093808554,
        -0.0070961291929,
        0.0020611651885
      ],
      "center": [
        5.0870449213646625,
        2.5852067243920573,
        -4.726273312433478
      ],
      "focal_length": 5899.2889152
    },
    {
      "id": 8,
      "rotation": [
        [
          -0.37183759901,
          -0.44313772329,
          0.8156995514
        ],
        [
          0.0030230705924,
          0.8781218977,
          0.4784274175
        ],
        [
          -0.92829287459,
          0.18036321955,
          -0.32517910146
        ]
      ],
      "translation": [
        6.2050398071,
        -0.063061802102,
        2.7492824586
      ],
      "center": [
        4.859597060466633,
        2.3091937266908693,
        -4.137268492400769
      ],
      "focal_length": 5899.2889152
    },
    {
      "id": 9,
      "rotation": [
        [
          -0.0033292959204,
          -0.48396953891,
          0.87507851145
        ],
        [
          0.02366308634,
          0.8748001982,
          0.48390564325
        ],
        [
          -0.9997144463,
          0.022318123455,
          0.0085397442541
        ]
      ],
      "translation": [
        3.6882706228,
        -0.18210320065,
        4.4090180239
      ],
      "center": [
        4.424347480587499,
        1.8459135401405689,
        -3.17705748631199
      ],
      "focal_length": 5899.2889152
    },
    {
      "id": 10,
      "rotation": [
        [
          -0.33820823532,
          -0.45477319961,
          0.82389108896
        ],
        [
          0.043635284896,
          0.86696218003,
          0.49646000877
        ],
        [
          -0.94005912126,
          0.20385758586,
          -0.27336959087
        ]
      ],
      "translation": [
        5.1013371229,
        -0.3381920088,
        1.4343037383
      ],
      "center": [
        3.0884016426081846,
        2.3207573894086666,
        -3.6429523635609797
      ],
      "focal_length": 5899.2889152
    },
    {
      "id": 11,
      "rotation": [
        [
          -0.62751506913,
          -0.35061954317,
          0.695191178
        ],
        [
          0.071529339909,
          0.86313208482,
          0.49988654481
        ],
        [
          -0.77531180279,
          0.3634129058,
          -0.51654880539
        ]
      ],
      "translation": [
        5.8833929969,
        -0.35794757072,
        -0.3037561525
      ],
      "center": [
        3.4820157864209635,
        2.4821775038691163,
        -4.068054611505245
      ],
      "focal_length": 5899.2889152
    },
    {
      "id": 12,
      "rotation": [
        [
          -0.89584448969,
          -0.19633745245,
          0.39864050854
        ],
        [
          0.083910475143,
          0.80621451542,
          0.58564254225
        ],
        [
          -0.43637332921,
          0.55809475889,
          -0.70576806222
        ]
      ],
      "translation": [
        6.2416356391,
        0.14039949666,
        -2.7565525773
      ],
      "center": [
        4.376867880167071,
        2.6506922743329193,
        -4.515879494335363
      ],
      "focal_length": 5899.2889152
    },
    {
      "id": 13,
      "rotation": [
        [
          -0.98130339934,
          0.014063033364,
          0.19195277945
        ],
        [
          0.15026174408,
          0.67919696892,
          0.71840997048
        ],
        [
          -0.1202707226,
          0.73382130557,
          -0.66861143034
        ]
      ],
      "translation": [
        5.9531434816,
        0.76118866946,
        -4.1196769106
      ],
      "center": [
        5.23198587928945,
        2.4223903965871765,
        -4.444031039049177
      ],
      "focal_length": 5899.2889152
    },
    {
      "id": 14,
      "rotation": [
        [
          -0.98113954538,
          0.014813156634,
          0.19273236075
        ],
        [
          0.152372397,
          0.67279304364,
          0.72396973215
        ],
        [
          -0.11894471456,
          0.73968242565,
          -0.66236097715
        ]
      ],
      "translation": [
        5.957405578,
        0.79168276198,
        -4.1111047091
      ],
      "center": [
        5.235421424186552,
        2.4200252663392003,
        -4.444374530417034
      ],
      "focal_length": 1477.3487651
    },
    {
      "id": 15,
      "rotation": [
        [
          -0.9917259984,
          0.12617994038,
          -0.02362555281
        ],
        [
          0.062212035785,
          0.63338470759,
          0.77133227263
        ],
        [
          0.11229072403,
          0.76348047443,
          -0.63599399247
        ]
      ],
      "translation": [
        5.3167179926,
        1.2942232664,
        -4.5071693348
      ],
      "center": [
        5.6983245031899274,
        1.950531397600972,
        -3.739198391630692
      ],
      "focal_length": 5899.2889152
    },
    {
      "id": 16,
      "rotation": [
        [
          -0.92119453701,
          0.075337076272,
          0.38173937435
        ],
        [
          0.35232184253,
          0.57787171241,
          0.73616139757
        ],
        [
          -0.16513613859,
          0.81264297753,
          -0.55887516208
        ]
      ],
      "translation": [
        3.9949343419,
        2.4673206718,
        -9.0245182163
      ],
      "center": [
        1.3205466353960895,
        5.606949859172747,
        -8.384949051080449
      ],
      "focal_length": 1477.3487651
    },
    {
      "id": 17,
      "rotation": [
        [
          -0.92685471024,
          0.26667860684,
          -0.26424016872
        ],
        [
          -0.08374102568,
          0.53925830991,
          0.83796653621
        ],
        [
          0.36596145525,
          0.79880097386,
          -0.47748216451
        ]
      ],
      "translation": [
        4.0745333952,
        2.444813873,
        -5.1381705432
      ],
      "center": [
        5.861604060005168,
        1.6993985472134328,
        -3.425401613621701
      ],
      "focal_length": 5899.2889152
    },
    {
      "id": 18,
      "rotation": [
        [
          -0.96819671355,
          0.20500166714,
          0.14342050178
        ],
        [
          0.2240572245,
          0.45538496359,
          0.86163965501
        ],
        [
          0.11132602577,
          0.86637108181,
          -0.48683432971
        ]
      ],
      "translation": [
        1.9608380584,
        3.948626486,
        -9.3702757052
      ],
      "center": [
        2.056914227535395,
        5.918015700050903,
        -8.245289433544377
      ],
      "focal_length": 1477.3487651
    },
    {
      "id": 19,
      "rotation": [
        [
          -0.99730097191,
          0.048470878719,
          0.055148393893
        ],
        [
          0.073413018262,
          0.64664326565,
          0.75925161556
        ],
        [
          0.0011402554528,
          0.76125098417,
          -0.64845635082
        ]
      ],
      "translation": [
        5.0455159884,
        0.7856276898,
        -2.7478691378
      ],
      "center": [
        4.977355971848302,
        1.3392366370547704,
        -2.6566143894597207
      ],
      "focal_length": 5899.2889152
    },
    {
      "id": 20,
      "rotation": [
        [
          -0.93233663544,
          0.030742387621,
          0.36028225576
        ],
        [
          0.31274522528,
          0.56866326047,
          0.76079729249
        ],
        [
          -0.18149055698,
          0.82199574318,
          -0.5398001259
        ]
      ],
      "translation": [
        2.8459334056,
        0.20110558615,
        -2.3611725817
      ],
      "center": [
        2.161942637239219,
        1.7390216648534336,
        -2.4529011494331296
      ],
      "focal_length": 1477.3487651
    },
    {
      "id": 21,
      "rotation": [
        [
          -0.9928780423,
          -0.037094105042,
          0.11321316392
        ],
        [
          0.035539377715,
          0.81480232667,
          0.57864852984
        ],
        [
          -0.11371079872,
          0.57855094489,
          -0.80768103755
        ]
      ],
      "translation": [
        4.4086513688,
        0.11079610718,
        -1.9382337604
      ],
      "center": [
        4.152917406533784,
        1.1946250245486996,
        -2.128704029228099
      ],
      "focal_length": 5899.2889152
    },
    {
      "id": 22,
      "rotation": [
        [
          -0.95117431557,
          0.065461178557,
          0.30163264991
        ],
        [
          0.24594184788,
          0.75121441399,
          0.61252715179
        ],
        [
          -0.18649404509,
          0.65680418567,
          -0.73063549929
        ]
      ],
      "translation": [
        1.8778104606,
        -0.51031966542,
        1.6403220176
      ],
      "center": [
        2.2175443294667034,
        -0.8169345644578201,
        0.9446532022281989
      ],
      "focal_length": 1477.3487651
    },
    {
      "id": 23,
      "rotation": [
        [
          -0.97969837491,
          0.15289348383,
          -0.12967141863
        ],
        [
          -0.0010054683245,
          0.6430584565,
          0.76581643398
        ],
        [
          0.20047464488,
          0.75039949635,
          -0.62984959525
        ]
      ],
      "translation": [
        4.0126959132,
        1.1939892091,
        -3.7041906149
      ],
      "center": [
        4.675028481589489,
        1.3983028562043036,
        -2.7271275462517286
      ],
      "focal_length": 5899.2889152
    },
    {
      "id": 24,
      "rotation": [
        [
          -0.95835690695,
          0.22424309517,
          0.17682497894
        ],
        [
          0.27177905133,
          0.52607187169,
          0.80584398805
        ],
        [
          0.087682302475,
          0.82034347689,
          -0.56510918746
        ]
      ],
      "translation": [
        2.0382461475,
        -0.217361857,
        -2.1558904358
      ],
      "center": [
        2.201475110106416,
        1.425855990010345,
        -1.4035665788391134
      ],
      "focal_length": 1477.3487651
    },
    {
      "id": 25,
      "rotation": [
        [
          -0.86819350838,
          0.29321435412,
          -0.40033158075
        ],
        [
          -0.06778892558,
          0.72910834801,
          0.68103280276
        ],
        [
          0.49157369089,
          0.61840630608,
          -0.61313044862
        ]
      ],
      "translation": [
        3.4574210516,
        0.92745001646,
        -4.748744016
      ],
      "center": [
        5.398938975917371,
        1.246676215525281,
        -2.159108598135827
      ],
      "focal_length": 5899.2889152
    },
    {
      "id": 26,
      "rotation": [
        [
          -0.98194631516,
          0.14653579472,
          -0.11961895756
        ],
        [
          0.035729076023,
          0.76466664947,
          0.64343480502
        ],
        [
          0.185754858,
          0.62754456101,
          -0.75609718732
        ]
      ],
      "translation": [
        1.5869446366,
        1.5636167307,
        -5.4212404413
      ],
      "center": [
        2.509449605587819,
        1.9738801928448404,
        -4.915241412560805
      ],
      "focal_length": 1477.3487651
    },
    {
      "id": 27,
      "rotation": [
        [
          -0.7096475952,
          0.37806160278,
          -0.59453319094
        ],
        [
          -0.16040297587,
          0.73498697533,
          0.65883611879
        ],
        [
          0.68605479078,
          0.56290636041,
          -0.4609395334
        ]
      ],
      "translation": [
        2.0603453904,
        1.3917545124,
        -5.4371645912
      ],
      "center": [
        5.415553533100367,
        1.258755610936754,
        -2.1981985315517827
      ],
      "focal_length": 5899.2889152
    },
    {
      "id": 28,
      "rotation": [
        [
          -0.90057585786,
          0.23853409049,
          -0.36340695083
        ],
        [
          -0.06269480441,
          0.7559834132,
          0.65158149181
        ],
        [
          0.4301540256,
          0.60958228866,
          -0.66586556272
        ]
      ],
      "translation": [
        0.086326529136,
        1.8906041341,
        -5.7465351473
      ],
      "center": [
        2.6681698712998503,
        2.0531288605367015,
        -5.026930860937153
      ],
      "focal_length": 1477.3487651
    },
    {
      "id": 29,
      "rotation": [
        [
          -0.79559467843,
          0.29700148121,
          -0.52803335862
        ],
        [
          -0.045123683763,
          0.84011617419,
          0.54052628709
        ],
        [
          0.60414647299,
          0.45386664785,
          -0.65499015653
        ]
      ],
      "translation": [
        2.7653003528,
        0.34645335683,
        -5.3464343986
      ],
      "center": [
        5.44572098164711,
        1.3142088889950747,
        -2.228958217351522
      ],
      "focal_length": 5899.2889152
    },
    {
      "id": 30,
      "rotation": [
        [
          -0.95324058095,
          0.14995466095,
          -0.26238520251
        ],
        [
          -0.00090866830141,
          0.86678819634,
          0.49867564308
        ],
        [
          0.30221113341,
          0.47559628083,
          -0.82612142479
        ]
      ],
      "translation": [
        0.76713590333,
        0.72800998024,
        -5.9072971672
      ],
      "center": [
        2.5171775660392406,
        2.063422500501744,
        -5.041900488142101
      ],
      "focal_length": 1477.3487651
    },
    {
      "id": 31,
      "rotation": [
        [
          -0.93454448846,
          0.23277105614,
          -0.26915466654
        ],
        [
          -0.09578689316,
          0.563906194,
          0.8202650032
        ],
        [
          0.34271193472,
          0.7923556271,
          -0.50469900932
        ]
      ],
      "translation": [
        2.9032286411,
        1.6695850893,
        -3.5980879982
      ],
      "center": [
        4.106228393005463,
        1.2336883019036875,
        -2.404036129970411
      ],
      "focal_length": 5899.2889152
    },
    {
      "id": 32,
      "rotation": [
        [
          -0.92127526952,
          0.38402892009,
          -0.061430174183
        ],
        [
          0.1311063769,
          0.45538197185,
          0.88058978966
        ],
        [
          0.36614613982,
          0.80321170824,
          -0.46988078919
        ]
      ],
      "translation": [
        2.2567146888,
        -0.74845705432,
        -0.29892965352
      ],
      "center": [
        2.2866348645251824,
        -0.28570605800242954,
        0.6572527149392398
      ],
      "focal_length": 1477.3487651
    },
    {
      "id": 33,
      "rotation": [
        [
          -0.9063198962,
          0.27294178148,
          -0.32262521551
        ],
        [
          -0.10169639445,
          0.60013878741,
          0.79340486462
        ],
        [
          0.41017324281,
          0.75188843572,
          -0.51616052844
        ]
      ],
      "translation": [
        2.3705124191,
        1.9380778872,
        -4.3496718534
      ],
      "center": [
        4.129657112179498,
        1.4603403699282778,
        -3.0180222660272014
      ],
      "focal_length": 5899.2889152
    },
    {
      "id": 34,
      "rotation": [
        [
          -0.89950309995,
          0.42759992547,
          -0.0897355945
        ],
        [
          0.14140130018,
          0.4792369874,
          0.86622028504
        ],
        [
          0.4134003453,
          0.76647910189,
          -0.4915383412
        ]
      ],
      "translation": [
        1.0931418859,
        0.28333122319,
        -2.4406666989
      ],
      "center": [
        1.9521935677990545,
        1.2675098286087954,
        -1.3470147765076719
      ],
      "focal_length": 1477.3487651
    },
    {
      "id": 35,
      "rotation": [
        [
          -0.96208125983,
          0.17854380431,
          -0.20620804886
        ],
        [
          -0.069282972111,
          0.57124251454,
          0.81785197888
        ],
        [
          0.26381720803,
          0.8011267687,
          -0.53721167265
        ]
      ],
      "translation": [
        2.5133919079,
        2.2716001152,
        -4.3944106781
      ],
      "center": [
        3.7347916166612665,
        1.7740949120923917,
        -3.700279718784906
      ],
      "focal_length": 5899.2889152
    },
    {
      "id": 36,
      "rotation": [
        [
          -0.91086684924,
          0.41238687931,
          -0.016082435395
        ],
        [
          0.14484677922,
          0.35593687244,
          0.9232163091
        ],
        [
          0.3864466244,
          0.83859764167,
          -0.38394400879
        ]
      ],
      "translation": [
        1.2355463557,
        -0.31666204354,
        -3.5685527576
      ],
      "center": [
        2.550340860382247,
        2.5957685182264556,
        -1.057906293819418
      ],
      "focal_length": 1477.3487651
    },
    {
      "id": 37,
      "rotation": [
        [
          -0.99782870412,
          0.065467223979,
          -0.0072055409958
        ],
        [
          0.036262346415,
          0.63741060533,
          0.76967055449
        ],
        [
          0.054981082829,
          0.76773808216,
          -0.63840059346
        ]
      ],
      "translation": [
        2.5346164051,
        1.3775632131,
        -3.5141733483
      ],
      "center": [
        2.67237238443858,
        1.653957005365687,
        -3.2854569107321625
      ],
      "focal_length": 5899.2889152
    },
    {
      "id": 38,
      "rotation": [
        [
          -0.91621116914,
          0.40045011466,
          0.014028514079
        ],
        [
          0.20716945642,
          0.44344519167,
          0.87203049162
        ],
        [
          0.34298383324,
          0.80187035589,
          -0.48925047009
        ]
      ],
      "translation": [
        1.796593286,
        -1.1420713909,
        -1.6710882073
      ],
      "center": [
        2.4558173833026347,
        1.126996174973621,
        0.15313685128139587
      ],
      "focal_length": 1477.3487651
    },
    {
      "id": 39,
      "rotation": [
        [
          -0.96127746537,
          -0.095076919964,
          0.25866196835
        ],
        [
          0.13343910685,
          0.66064741998,
          0.73874149148
        ],
        [
          -0.2411216277,
          0.74465117052,
          -0.6223784981
        ]
      ],
      "translation": [
        2.8391585286,
        0.80808445932,
        -2.233097255
      ],
      "center": [
        2.0829410007071987,
        1.3989580198338678,
        -2.7211795678633646
      ],
      "focal_length": 5899.2889152
    },
    {
      "id": 40,
      "rotation": [
        [
          -0.9438616043,
          0.29555786283,
          0.14754938716
        ],
        [
          0.2755140058,
          0.45788824488,
          0.8452398404
        ],
        [
          0.18225615089,
          0.83844135449,
          -0.51361346414
        ]
      ],
      "translation": [
        2.0520766486,
        -1.6668729856,
        0.10786046527
      ],
      "center": [
        2.3764649778833102,
        0.06629948259380421,
        1.1615233916204157
      ],
      "focal_length": 1477.3487651
    },
    {
      "id": 41,
      "rotation": [
        [
          -0.90599405141,
          -0.16414642127,
          0.3901675681
        ],
        [
          0.2055793237,
          0.63510844974,
          0.74456322682
        ],
        [
          -0.37001610841,
          0.75478023918,
          -0.54165936719
        ]
      ],
      "translation": [
        2.7431983034,
        0.38533609994,
        -1.0145591807
      ],
      "center": [
        2.0307009701012917,
        0.9713251923463055,
        -1.9067595846299512
      ],
      "focal_length": 5899.2889152
    },
    {
      "id": 42,
      "rotation": [
        [
          -0.94291751842,
          0.26589481667,
          0.20051558525
        ],
        [
          0.30355187706,
          0.43856266648,
          0.84588358863
        ],
        [
          0.13697741198,
          0.85846533654,
          -0.49424129184
        ]
      ],
      "translation": [
        2.1419989871,
        -2.2540578718,
        2.4240638092
      ],
      "center": [
        2.371909880302648,
        -1.6619755510847507,
        2.6752388096362205
      ],
      "focal_length": 1477.3487651
    },
    {
      "id": 43,
      "rotation": [
        [
          -0.97852871594,
          -0.059461306938,
          0.19734716887
        ],
        [
          0.073314882262,
          0.79444535957,
          0.60289426826
        ],
        [
          -0.19263042367,
          0.60441783862,
          -0.77302819886
        ]
      ],
      "translation": [
        2.3841783141,
        0.050071546899,
        -1.6642209786
      ],
      "center": [
        2.0087363625144707,
        1.1078720973206946,
        -1.787188434589388
      ],
      "focal_length": 5899.2889152
    },
    {
      "id": 44,
      "rotation": [
        [
          -0.91941045662,
          0.39313177754,
          -0.011481190866
        ],
        [
          0.28038806264,
          0.67565085542,
          0.68181995857
        ],
        [
          0.2758023687,
          0.62365321058,
          -0.73142991897
        ]
      ],
      "translation": [
        2.9041655098,
        -1.4283005211,
        2.3391674644
      ],
      "center": [
        2.425450625976711,
        -1.6355165795173254,
        2.7181241495897317
      ],
      "focal_length": 1477.3487651
    },
    {
      "id": 45,
      "rotation": [
        [
          -0.99887344602,
          0.0072074572816,
          0.046902999895
        ],
        [
          0.028221689746,
          0.88483142213,
          0.46505579305
        ],
        [
          -0.038149378337,
          0.4658555645,
          -0.88403801839
        ]
      ],
      "translation": [
        1.9932225317,
        -0.30322941689,
        -2.0516630285
      ],
      "center": [
        1.9212650363549362,
        1.2097194882341262,
        -1.766217637366335
      ],
      "focal_length": 5899.2889152
    },
    {
      "id": 46,
      "rotation": [
        [
          -0.95446713102,
          0.17127452431,
          -0.24424891632
        ],
        [
          0.0027059840011,
          0.82369585324,
          0.56702541301
        ],
        [
          0.29830382741,
          0.54054618552,
          -0.786654084
        ]
      ],
      "translation": [
        1.4834229769,
        -0.11592764546,
        -1.5549169135
      ],
      "center": [
        1.8800298378063849,
        0.6819209625151641,
        -0.7951233646872031
      ],
      "focal_length": 5899.2889152
    },
    {
      "id": 47,
      "rotation": [
        [
          -0.9600041428,
          0.15749449076,
          -0.23148980796
        ],
        [
          -0.0039077460755,
          0.81917382403,
          0.57353201789
        ],
        [
          0.2799585243,
          0.55149771659,
          -0.78579481626
        ]
      ],
      "translation": [
        1.3799229875,
        -0.10037102858,
        -1.5843133007
      ],
      "center": [
        1.7678815739447593,
        0.7386362187985889,
        -0.8679410730866839
      ],
      "focal_length": 1477.3487651
    },
    {
      "id": 48,
      "rotation": [
        [
          -0.99961413711,
          0.02572210916,
          -0.010485704496
        ],
        [
          0.010318067821,
          0.69432405359,
          0.71958852554
        ],
        [
          0.025789811454,
          0.71920267082,
          -0.69432154217
        ]
      ],
      "translation": [
        0.63101733998,
        0.18195503999,
        -1.095517879
      ],
      "center": [
        0.6571496289064616,
        0.6453325266700558,
        -0.884957760804181
      ],
      "focal_length": 5899.2889152
    },
    {
      "id": 49,
      "rotation": [
        [
          -0.99965162264,
          0.023983430688,
          -0.011019455648
        ],
        [
          0.0085089007805,
          0.68805004616,
          0.72561334923
        ],
        [
          0.024984634435,
          0.72526679852,
          -0.68801441773
        ]
      ],
      "translation": [
        0.62883007746,
        0.19313081443,
        -1.089079292
      ],
      "center": [
        0.6541779243414324,
        0.6419078830824968,
        -0.8825111868965517
      ],
      "focal_length": 1477.3487651
    },
    {
      "id": 50,
      "rotation": [
        [
          -0.99765299354,
          0.031492586553,
          0.060800670027
        ],
        [
          0.067991603027,
          0.56069648552,
          0.82522517717
        ],
        [
          -0.0081022466838,
          0.82742230337,
          -0.56152175869
        ]
      ],
      "translation": [
        0.50096452128,
        0.71963133367,
        -1.3510603532
      ],
      "center": [
        0.4399132420813155,
        0.6986260412313977,
        -1.382966659003685
      ],
      "focal_length": 5899.2889152
    },
    {
      "id": 51,
      "rotation": [
        [
          -0.99771649735,
          0.028131832139,
          0.061403509084
        ],
        [
          0.066705308196,
          0.55299555253,
          0.83050967528
        ],
        [
          -0.010592108658,
          0.83270914424,
          -0.55360932826
        ]
      ],
      "translation": [
        0.49385943076,
        0.7321569962,
        -1.3611082678
      ],
      "center": [
        0.4294759366939137,
        0.714634567639,
        -1.391910405036823
      ],
      "focal_length": 1477.3487651
    },
    {
      "id": 52,
      "rotation": [
        [
          -0.93728596582,
          -0.1503336162,
          0.31447547139
        ],
        [
          0.13929342763,
          0.66548942579,
          0.73329473282
        ],
        [
          -0.31951894981,
          0.7311112282,
          -0.60281341451
        ]
      ],
      "translation": [
        0.19699238901,
        0.23569722735,
        -0.84321980115
      ],
      "center": [
        -0.1176175784104869,
        0.48924803017564,
        -0.7430890172638698
      ],
      "focal_length": 5899.2889152
    },
    {
      "id": 53,
      "rotation": [
        [
          -0.93694307916,
          -0.15342600564,
          0.31400338726
        ],
        [
          0.13980247815,
          0.65891951302,
          0.73910780165
        ],
        [
          -0.32030131676,
          0.7364003912,
          -0.59592074165
        ]
      ],
      "translation": [
        0.19024836436,
        0.24291207107,
        -0.84174038767
      ],
      "center": [
        -0.1253183757402968,
        0.4889874938162018,
        -0.7408873937695759
      ],
      "focal_length": 1477.3487651
    },
    {
      "id": 54,
      "rotation": [
        [
          -0.75509435154,
          -0.27910965744,
          0.59323715274
        ],
        [
          0.27504901397,
          0.68651374339,
          0.67308760206
        ],
        [
          -0.59513070849,
          0.67141394032,
          -0.44161381383
        ]
      ],
      "translation": [
        -0.10921499487,
        0.22110620832,
        -0.74075063537
      ],
      "center": [
        -0.5841261207530343,
        0.3150748923223058,
        -0.41115916814823644
      ],
      "focal_length": 5899.2889152
    },
    {
      "id": 55,
      "rotation": [
        [
          -0.75344891946,
          -0.28269391694,
          0.59363193571
        ],
        [
          0.27857618046,
          0.68056232633,
          0.67766527996
        ],
        [
          -0.59557538351,
          0.67595789019,
          -0.43401715778
        ]
      ],
      "translation": [
        -0.11865119628,
        0.22844570661,
        -0.74246701462
      ],
      "center": [
        -0.5952322249955332,
        0.31286292378159086,
        -0.40661800783429625
      ],
      "focal_length": 1477.3487651
    },
    {
      "id": 56,
      "rotation": [
        [
          -0.59484017122,
          -0.37056334499,
          0.71333581015
        ],
        [
          0.34415550571,
          0.68455923594,
          0.64260068502
        ],
        [
          -0.7264448765,
          0.62774314799,
          -0.27967191773
        ]
      ],
      "translation": [
        -0.60941327915,
        0.19451645553,
        -0.63352613898
      ],
      "center": [
        -0.8896692262260194,
        0.03870743343873301,
        0.13254043740677388
      ],
      "focal_length": 5899.2889152
    },
    {
      "id": 57,
      "rotation": [
        [
          -0.59418606318,
          -0.37286911582,
          0.71267913172
        ],
        [
          0.34739250733,
          0.6801820775,
          0.64550041619
        ],
        [
          -0.72543874185,
          0.63112674157,
          -0.27462277382
        ]
      ],
      "translation": [
        -0.61335112832,
        0.20595096461,
        -0.62986780204
      ],
      "center": [
        -0.8929210201100943,
        0.028742565645926477,
        0.1312050732639615
      ],
      "focal_length": 1477.3487651
    },
    {
      "id": 58,
      "rotation": [
        [
          -0.69127025752,
          -0.30136841125,
          0.65675148402
        ],
        [
          0.3489624311,
          0.65663737901,
          0.66861990262
        ],
        [
          -0.63274849091,
          0.69137864676,
          -0.34874763663
        ]
      ],
      "translation": [
        -0.70000678087,
        0.56488352916,
        -0.97039508545
      ],
      "center": [
        -1.2950330232067406,
        0.08902686955241557,
        -0.2563848707462201
      ],
      "focal_length": 5899.2889152
    },
    {
      "id": 59,
      "rotation": [
        [
          -0.69081442996,
          -0.30429276578,
          0.6558821053
        ],
        [
          0.35159254161,
          0.65127638554,
          0.67247435217
        ],
        [
          -0.63178960741,
          0.69515824266,
          -0.34292405811
        ]
      ],
      "translation": [
        -0.7061637867,
        0.57744521014,
        -0.9659651484
      ],
      "center": [
        -1.301140304720577,
        0.0805416739765642,
        -0.25640959117730616
      ],
      "focal_length": 1477.3487651
    },
    {
      "id": 60,
      "rotation": [
        [
          -0.88664352605,
          -0.15540362954,
          0.43556052351
        ],
        [
          0.19821055472,
          0.72324777836,
          0.66153248378
        ],
        [
          -0.41782273,
          0.672876187,
          -0.61046032079
        ]
      ],
      "translation": [
        -0.6251228931,
        -0.0075894724039,
        0.15029234104
      ],
      "center": [
        -0.4899612963861282,
        -0.19278543481553903,
        0.36904704783021197
      ],
      "focal_length": 5899.2889152
    },
    {
      "id": 61,
      "rotation": [
        [
          -0.88618259235,
          -0.15823857946,
          0.43547785821
        ],
        [
          0.19991312191,
          0.71730654806,
          0.66746240329
        ],
        [
          -0.41798942177,
          0.678551301,
          -0.60403060784
        ]
      ],
      "translation": [
        -0.63216730305,
        -0.0076646879766,
        0.15082175417
      ],
      "center": [
        -0.4956414898980335,
        -0.19687562265239505,
        0.37151171006673556
      ],
      "focal_length": 1477.3487651
    },
    {
      "id": 62,
      "rotation": [
        [
          -0.97505367047,
          -0.045287224482,
          0.21730026924
        ],
        [
          0.089575420967,
          0.8154326023,
          0.57187928364
        ],
        [
          -0.20309254952,
          0.57707775767,
          -0.79103392969
        ]
      ],
      "translation": [
        -0.082376264021,
        -0.23637509975,
        0.78007966642
      ],
      "center": [
        0.09928048875488997,
        -0.2611492543542582,
        0.770147891065589
      ],
      "focal_length": 5899.2889152
    },
    {
      "id": 63,
      "rotation": [
        [
          -0.97490265986,
          -0.045504288445,
          0.21793155699
        ],
        [
          0.091259166421,
          0.81118932082,
          0.57761894907
        ],
        [
          -0.20306789097,
          0.58301050206,
          -0.78667794309
        ]
      ],
      "translation": [
        -0.083236217029,
        -0.23454770755,
        0.78533664399
      ],
      "center": [
        0.09973407489522021,
        -0.2713845203401112,
        0.771426014444153
      ],
      "focal_length": 1477.3487651
    },
    {
      "id": 64,
      "rotation": [
        [
          -0.97755717158,
          0.019131857395,
          0.20979978151
        ],
        [
          0.18605584945,
          0.54553482782,
          0.81717499504
        ],
        [
          -0.09881901221,
          0.83786975341,
          -0.53685107726
        ]
      ],
      "translation": [
        0.12722577417,
        -0.62869742602,
        1.5302204388
      ],
      "center": [
        0.3925581738206494,
        -0.9415831450339891,
        1.3085643673812977
      ],
      "focal_length": 5899.2889152
    },
    {
      "id": 65,
      "rotation": [
        [
          -0.97759791712,
          0.017451727737,
          0.20975640549
        ],
        [
          0.18597452089,
          0.538307944,
          0.82197204028
        ],
        [
          -0.098568707124,
          0.84256750152,
          -0.52949430153
        ]
      ],
      "translation": [
        0.12377877619,
        -0.64141190709,
        1.5239245963
      ],
      "center": [
        0.3905034231129652,
        -0.9408923681483157,
        1.3081686524633431
      ],
      "focal_length": 1477.3487651
    },
    {
      "id": 66,
      "rotation": [
        [
          -0.80248821294,
          -0.22847040687,
          0.55119319778
        ],
        [
          0.33888126466,
          0.58580752666,
          0.73619904249
        ],
        [
          -0.49109281868,
          0.77758010191,
          -0.39267929478
        ]
      ],
      "translation": [
        -0.8156529403,
        -0.46301392823,
        1.2685751152
      ],
      "center": [
        0.12534300414404703,
        -0.9015342823872119,
        1.2885959446772692
      ],
      "focal_length": 5899.2889152
    },
    {
      "id": 67,
      "rotation": [
        [
          -0.8028782549,
          -0.22791925085,
          0.55085326803
        ],
        [
          0.34302910521,
          0.57909968323,
          0.73957730485
        ],
        [
          -0.48756285829,
          0.78274923952,
          -0.38676360641
        ]
      ],
      "translation": [
        -0.81154785122,
        -0.47358945074,
        1.267927145
      ],
